56
65
72
73
69
6F
6E
3A
20
32
30
32
35
2E
31
2E
31
31
30
2E
31
2E
35
0A
47
65
6E
65
72
61
74
65
64
3A
20
57
65
64
20
4A
75
6C
20
33
30
20
30
38
3A
33
37
3A
30
32
20
32
30
32
35
0A
0A
50
72
6F
6A
65
63
74
3A
20
48
3A
5C
47
69
74
48
75
62
5C
45
66
69
6E
69
78
5F
54
32
30
5F
44
65
76
5F
42
6F
61
72
64
5C
45
78
61
6D
70
6C
65
73
5C
45
66
69
6E
69
78
5F
72
69
73
63
76
5F
73
74
61
6E
64
61
72
64
0A
46
61
6D
69
6C
79
3A
20
54
72
69
6F
6E
0A
44
65
76
69
63
65
3A
20
54
32
30
51
31
30
30
46
33
0A
57
69
64
74
68
3A
20
31
0A
4D
6F
64
65
3A
20
61
63
74
69
76
65
0A
50
41
44
44
45
44
5F
42
49
54
53
3A
20
30
0A
0A
0A
0A
0A
0A
0A
0A
0A
0A
0A
0A
0A
0A
0A
0A
0A
0A
0A
0A
0A
0A
0A
0A
0A
0A
0A
0A
0A
0A
0A
0A
0A
0A
0A
0A
0A
0A
0A
0A
0A
0A
0A
0A
0A
0A
0A
0A
0A
0A
0A
0A
0A
0A
0A
0A
@100000
00
01
02
03
04
05
06
07
08
09
0A
0B
0C
0D
0E
0F
10
11
12
13
14
15
16
17
18
19
1A
1B
1C
1D
1E
1F
20
21
22
23
24
25
26
27
28
29
2A
2B
2C
2D
2E
2F
30
31
32
33
34
35
36
37
38
39
3A
3B
3C
3D
3E
3F
@380000
97
11
00
00
93
81
01
97
13
81
01
a2
17
05
00
00
13
05
45
15
97
05
00
00
93
85
c5
14
13
86
c1
81
63
fc
c5
00
83
22
05
00
23
a0
55
00
13
05
45
00
93
85
45
00
e3
e8
c5
fe
13
85
c1
81
93
85
01
82
63
78
b5
00
23
20
05
00
13
05
45
00
e3
6c
b5
fe
ef
00
00
01
ef
00
00
0a
6f
00
00
00
67
80
00
00
13
01
01
ff
23
24
81
00
23
20
21
01
17
04
00
00
13
04
44
0f
17
09
00
00
13
09
c9
0e
33
09
89
40
23
26
11
00
23
22
91
00
13
59
29
40
63
0e
09
00
93
04
00
00
83
27
04
00
93
84
14
00
13
04
44
00
e7
80
07
00
e3
18
99
fe
17
04
00
00
13
04
84
0b
17
09
00
00
13
09
09
0b
33
09
89
40
13
59
29
40
63
0e
09
00
93
04
00
00
83
27
04
00
93
84
14
00
13
04
44
00
e7
80
07
00
e3
18
99
fe
83
20
c1
00
03
24
81
00
83
24
41
00
03
29
01
00
13
01
01
01
67
80
00
00
b7
07
00
f9
93
87
07
16
37
06
01
f8
83
c6
07
00
63
90
06
04
37
07
01
f8
83
27
47
00
93
d7
07
01
93
f7
f7
0f
e3
8a
07
fe
93
07
a0
00
23
20
f7
00
37
07
01
f8
83
27
47
00
93
d7
07
01
93
f7
f7
0f
e3
8a
07
fe
93
07
d0
00
23
20
f7
00
6f
00
00
00
93
87
17
00
03
27
46
00
13
57
07
01
13
77
f7
0f
e3
0a
07
fe
23
20
d6
00
6f
f0
5f
fa
48
65
6c
6c
6f
20
57
6f
72
6c
64
20
66
72
6f
6d
20
45
66
69
6e
69
78
21
00
00
00
00
00
00
00
00
00
00
00
00
00
00
00
00
00
00
